	61032,
	60904,
	60913,
	64588,
	68796,
	68814,
	68834,
	68846,
	73241,
	64725,
	64726,
	64727,
	64728,
	64729,
	70787,
	68867,
	68868,
	65995,
	65282,
	65283,
	68871,
	64586,
	64587,
	71552,
	68989,
	68826,
	72026,
	72052,
	68855,
	68860,
	69738,
	69773,
	69788,
	69816,
	69818,
	69819,
	71540,
	71541,
	71542,
	65487,
	65984,
	65985,
	65987,
	65994,
	64868,
	64869,
	71547,
	71548,
	71549,
	68811,
	72724,
	71543,
	71544,
	71551,
	67655,
	63253,
	63254,
	67053,
	64866,
	64867,
	63779,
	63780,
	65375,
	65840,
	47485,
	38232,
	55062,
	68872,
	68874,
	68903,
	68813,
	69673,
	68798,
	68808,
	72730,
	63786,
	7821,
	63781,
	63782,
	65996,
	65997,
	74690,
	61847,
	64255,
	64256,
	64257,
	69674,
	56130,
	56131,
	58110,
	71566,
	55092,
	69363,
	39781,
	39782,
	53494,
	55063,
	56083,
	56084,
	56085,
	41303,
	65321,
	69820,
	69856,
	53495,
	38231,
	56111,
	56112,
	56113,
	56116,
	56121,
	56128,
	39784,
	39785,
	55924,
	67068,
	55926,
	56108,
	56110,
	70159,
	69789,
	63790,
	72608,
	72609,
	72610,
	72611,
	72612,
	72613,
	64254,
	71555,
	71564,
	71560,
	68747,
	68748,
	68745,
	68746,
	71553,
	71554,
	71565,
	71557,
	71558,
	72093,
	69708,
	67658,
	71545,
	69706,
	69707,
	71556,
	71559,
	67659,
	71550,
	41802,
	71546,
	71561,
	71562,
	71563,
	72100,
	69790,
	68741,
	68742,
	68743,
	68744,
	65841,
	65279,
	61828,
	69791,
	69792,
	71083,
	66110,
	62247,
	65475,
	65276,
	65319,
	69679,
	69675,
	68739,
	68740,
	55915,
	55916,
	55919,
	55922,
	57856,
	57881,
	42157,
	54839,
	64251,
	10749,
	65472,
	41803,
	51559,
	51560,
	51564,
	74460,
	71086,
	68812,
	68809,
	68810,
	71376,
	71371,
	71372,
	71373,
	63785,
	64921,
	72725,
	65281,
	7957,
	8768,
	72726,
	66063,
	58702,
	58703,
	58704,
	58705,
	58087,
	58088,
	58089,
	63252,
	58131,
	58132,
	58743,
	58744,
	43450,
	43451,
	43452,
	55913,
	55914,
	68783,
	68785,
	58014,
	58015,
	58016,
	39159,
	39161,
	55471,
	55744,
	56183,
	56184,
	63775,
	63791,
	63793,
	65320,
	41290,
	41293,
	41294,
	41323,
	41324,
	68788,
	68789,
	68790,
	68791,
	64901,
	69672,
	55073,
	55085,
	55086,
	55087,
	58017,
	58021,
	65853,
	59602,
	61846,
	64899,
	68870,
	72360,
	69667,
	69668,
	68987,
	69676,
	69677,
	56089,
	56091,
	57901,
	64245,
	63783,
	66313,
	61845,
	64252,
	64253,
	69678,
	66548,
	47477,
	47479,
	47480,
	47482,
	47483,
	57903,
	57904,
	57927,
	41807,
	65658,
	55732,
	43454,
	43455,
	41279,
	46243,
	51567,
	64902,
	64903,
	64904,
	54834,
	56198,
	57809,
	56088,
	55479,
	43593,
	43595,
	56182,
	64900,
	65821,
	65278,
	55095,
	41304,
	67603,
	55727,
	58688,
	57882,
	57883,
	57885,
	57886,
	57888,
	66466,
	49693,
	49710,
	39777,
	65277,
	41301,
	56175,
	56105,
	47419,
	55730,
	55731,
	58700,
	58701,
	39780,
	65280,
	55088,
	58679,
	58680,
	58681,
	58682,
	48639,
	48649,
	41281,
	53492,
	53493,
	47470,
	47476,
	41305,
	43481,
	49636,
	55472,
	55473,
	57929,
	57932,
	57943,
	55552,
	55567,
	55091,
	56133,
	49642,
	64585,
	65852,
	58115,
	41296,
	41298,
	11349,
	55070,
	57944,
	63259,
	65409,
	57947,
	57948,
	57949,
	71079,
	58116,
	58118,
	58093,
	56185,
	56186,
	56189,
	56191,
	56192,
	39778,
	39779,
	64730,
	70138,
	41302,
	63789,
	63784,
	56193,
	56194,
	56195,
	54842,
	8226,
	63416,
	63417,
	63418,
	56177,
	56179,
	56180,
	56181,
	58081,
	58086,
	54028,
	54029,
	55733,
	55734,
	55736,
	55738,
	55708,
	55709,
	71087,
	58090,
	58091,
	64862,
	64863,
	74457,
	65274,
	55575,
	54843,
	54854,
	54855,
	54030,
	54037,
	54038,
	54039,
	43456,
	65284,
	71088,
	68452,
	68456,
	71374,
	71081,
	64864,
	64865,
	56200,
	56201,
	56202,
	56203,
	58102,
	58103,
	54865,
	55058,
	63794,
	65285,
	68457,
	68458,
	71078,
	64898,
	65275,
	65273,
	69670,
	69671,
	70142,
	70143,
	58104,
	58105,
	57781,
	11376,
	47489,
	47492,
	62055,
	62056,
	43457,
	55739,
	55740,
	55741,
	55742,
	55743,
	70144,
	70145,
	70146,
	71082,
	47495,
	47500,
	47502,
	38317,
	38318,
	38319,
	39185,
	39803,
	40863,
	48674,
	48675,
	58671,
	58673,
	58677,
	38314,
	38842,
	38843,
	38844,
	18620,
	8014,
	39804,
	57786,
	57790,
	57793,
	57794,
	57795,
	57818,